3.6 -0.015 0.15 0.05
0.75 0.24 0.15 0.05
0.9 0.13 0.15 0.05
1.8 0.175 0.15 0.05
1.8 -0.01 0.15 0.05
1.2 0.055 0.15 0.05
2.1 0.035 0.15 0.05
2.4 0.065 0.15 0.05
3.15 0.075 0.15 0.05
3.3 0.095 0.15 0.05
3.6 0.12 0.15 0.05
3.6 0.15 0.15 0.05
3.9 0.14 0.15 0.05
4.05 0.36 0.15 0.05
4.2 0.27 0.15 0.05
4.2 0.285 0.15 0.05
4.2 0.4 0.15 0.05
4.65 0.62 0.15 0.05
4.65 0.765 0.15 0.05
4.95 0.75 0.15 0.05
5.1 0.73 0.15 0.05
5.4 0.53 0.15 0.05
5.7 0.3 0.15 0.05
6.15 0.245 0.15 0.05
6.3 0.17 0.15 0.05
6.45 0.11 0.15 0.05
6.75 0.085 0.15 0.05
6.9 0.095 0.15 0.05
7.2 0.065 0.15 0.05
7.5 0.08 0.15 0.05
7.8 0.11 0.15 0.05
7.95 0.235 0.15 0.05
8.25 0.37 0.15 0.05
8.4 0.625 0.15 0.05
8.7 0.945 0.15 0.05
9 1.32 0.15 0.05
9.3 1.75 0.15 0.05
9.6 2.09 0.15 0.05
9.75 2.12 0.15 0.05
10.05 1.78 0.15 0.05
10.35 1.255 0.15 0.05
10.65 0.81 0.15 0.05
10.95 0.495 0.15 0.05
11.1 0.28 0.15 0.05
11.25 0.175 0.15 0.05
11.55 0.125 0.15 0.05
11.85 0.11 0.15 0.05
12.15 0.1 0.15 0.05
12.45 0.15 0.15 0.05
12.75 0.295 0.15 0.05
12.9 0.52 0.15 0.05
13.2 0.85 0.15 0.05
13.5 1.27 0.15 0.05
13.8 1.82 0.15 0.05
13.95 2.47 0.15 0.05
14.25 3.175 0.15 0.05
14.55 3.65 0.15 0.05
14.85 3.575 0.15 0.05
15 3.155 0.15 0.05
15.15 2.405 0.15 0.05
15.45 1.65 0.15 0.05
15.75 1.045 0.15 0.05
16.05 0.65 0.15 0.05
16.2 0.385 0.15 0.05
16.5 0.255 0.15 0.05
16.8 0.185 0.15 0.05
17.1 0.17 0.15 0.05
17.4 0.245 0.15 0.05
17.55 0.42 0.15 0.05
17.85 0.72 0.15 0.05
18.15 1.085 0.15 0.05
18.3 1.705 0.15 0.05
18.6 2.43 0.15 0.05
18.75 3.32 0.15 0.05
19.05 4.235 0.15 0.05
19.35 4.975 0.15 0.05
19.65 5.28 0.15 0.05
19.8 4.995 0.15 0.05
20.1 4.295 0.15 0.05
20.4 3.355 0.15 0.05
20.7 2.455 0.15 0.05
20.85 1.68 0.15 0.05
21.15 1.085 0.15 0.05
21.3 0.74 0.15 0.05
21.6 0.5 0.15 0.05
21.9 0.415 0.15 0.05
22.05 0.415 0.15 0.05
22.35 0.565 0.15 0.05
22.65 0.84 0.15 0.05
22.95 1.315 0.15 0.05
23.25 1.95 0.15 0.05
23.4 2.78 0.15 0.05
23.7 3.805 0.15 0.05
24 4.93 0.15 0.05
24.3 5.95 0.15 0.05
24.45 6.66 0.15 0.05
24.6 6.855 0.15 0.05
24.9 6.48 0.15 0.05
25.2 5.74 0.15 0.05
25.5 4.725 0.15 0.05
25.65 3.66 0.15 0.05
25.95 2.73 0.15 0.05
26.25 2.02 0.15 0.05
26.55 1.465 0.15 0.05
26.85 1.16 0.15 0.05
27 0.985 0.15 0.05
27.3 0.97 0.15 0.05
27.6 1.14 0.15 0.05
27.9 1.525 0.15 0.05
28.05 2.13 0.15 0.05
28.2 2.97 0.15 0.05
28.5 4.06 0.15 0.05
28.8 5.295 0.15 0.05
29.1 6.585 0.15 0.05
29.25 7.675 0.15 0.05
29.55 8.405 0.15 0.05
29.85 8.64 0.15 0.05
30.15 8.35 0.15 0.05
30.45 7.65 0.15 0.05
30.6 6.645 0.15 0.05
30.9 5.58 0.15 0.05
31.2 4.545 0.15 0.05
31.35 3.735 0.15 0.05
31.65 3.075 0.15 0.05
31.8 2.685 0.15 0.05
31.95 2.695 0.15 0.05
31.95 2.72 0.15 0.05
31.95 2.705 0.15 0.05
31.95 2.71 0.15 0.05
31.95 2.715 0.15 0.05
31.95 2.72 0.15 0.05
31.95 2.72 0.15 0.05
31.95 2.725 0.15 0.05
31.95 2.735 0.15 0.05
31.95 2.715 0.15 0.05
31.95 2.745 0.15 0.05
31.95 2.735 0.15 0.05
31.95 2.745 0.15 0.05
31.95 2.745 0.15 0.05
31.95 2.755 0.15 0.05
31.95 2.75 0.15 0.05
31.95 2.76 0.15 0.05
31.95 2.76 0.15 0.05
31.95 2.76 0.15 0.05
31.95 2.765 0.15 0.05
31.95 2.765 0.15 0.05
31.95 2.765 0.15 0.05
31.95 2.775 0.15 0.05
31.95 2.77 0.15 0.05
31.95 2.775 0.15 0.05
31.95 2.775 0.15 0.05
31.95 2.775 0.15 0.05
