4.35 -0.02 0.15 0.05
0.3 0.01 0.15 0.05
0.45 0.02 0.15 0.05
0.75 0.025 0.15 0.05
0.9 0.04 0.15 0.05
1.05 0.035 0.15 0.05
1.35 0.045 0.15 0.05
1.65 0.045 0.15 0.05
1.95 0.04 0.15 0.05
2.25 0.04 0.15 0.05
2.4 0.04 0.15 0.05
2.7 0.05 0.15 0.05
3 0.045 0.15 0.05
3.3 0.045 0.15 0.05
3.6 0.06 0.15 0.05
3.75 0.065 0.15 0.05
4.05 0.115 0.15 0.05
4.35 0.175 0.15 0.05
4.5 0.225 0.15 0.05
4.8 0.29 0.15 0.05
5.1 0.325 0.15 0.05
5.25 0.29 0.15 0.05
5.55 0.25 0.15 0.05
5.85 0.17 0.15 0.05
6.15 0.13 0.15 0.05
6.3 0.095 0.15 0.05
6.6 0.08 0.15 0.05
6.9 0.095 0.15 0.05
7.2 0.085 0.15 0.05
7.5 0.08 0.15 0.05
7.65 0.08 0.15 0.05
7.95 0.105 0.15 0.05
8.1 0.14 0.15 0.05
8.4 0.225 0.15 0.05
8.7 0.315 0.15 0.05
8.85 0.42 0.15 0.05
9.15 0.57 0.15 0.05
9.45 0.745 0.15 0.05
9.75 0.83 0.15 0.05
10.05 0.795 0.15 0.05
10.2 0.625 0.15 0.05
10.5 0.43 0.15 0.05
10.8 0.305 0.15 0.05
11.1 0.2 0.15 0.05
11.4 0.15 0.15 0.05
11.4 0.11 0.15 0.05
11.7 0.11 0.15 0.05
12 0.09 0.15 0.05
12.3 0.09 0.15 0.05
12.6 0.105 0.15 0.05
12.75 0.19 0.15 0.05
13.05 0.3 0.15 0.05
13.35 0.455 0.15 0.05
13.65 0.64 0.15 0.05
13.95 0.91 0.15 0.05
14.1 1.185 0.15 0.05
14.4 1.4 0.15 0.05
14.7 1.49 0.15 0.05
14.85 1.31 0.15 0.05
15.15 0.99 0.15 0.05
15.3 0.68 0.15 0.05
15.6 0.425 0.15 0.05
15.9 0.285 0.15 0.05
16.2 0.205 0.15 0.05
16.5 0.155 0.15 0.05
16.65 0.135 0.15 0.05
16.95 0.125 0.15 0.05
17.25 0.135 0.15 0.05
17.55 0.2 0.15 0.05
17.85 0.305 0.15 0.05
18 0.465 0.15 0.05
18.15 0.68 0.15 0.05
18.45 0.985 0.15 0.05
18.75 1.35 0.15 0.05
19.05 1.765 0.15 0.05
19.2 2.08 0.15 0.05
19.5 2.16 0.15 0.05
19.8 1.95 0.15 0.05
20.1 1.56 0.15 0.05
20.25 1.145 0.15 0.05
20.55 0.775 0.15 0.05
20.85 0.5 0.15 0.05
21.15 0.305 0.15 0.05
21.45 0.205 0.15 0.05
21.6 0.155 0.15 0.05
21.9 0.155 0.15 0.05
22.05 0.2 0.15 0.05
22.35 0.28 0.15 0.05
22.65 0.44 0.15 0.05
22.95 0.66 0.15 0.05
23.25 1 0.15 0.05
23.4 1.385 0.15 0.05
23.7 1.845 0.15 0.05
24 2.335 0.15 0.05
24.3 2.68 0.15 0.05
24.45 2.82 0.15 0.05
24.75 2.665 0.15 0.05
24.9 2.315 0.15 0.05
25.2 1.85 0.15 0.05
25.5 1.345 0.15 0.05
25.65 0.935 0.15 0.05
25.95 0.63 0.15 0.05
26.25 0.435 0.15 0.05
26.55 0.325 0.15 0.05
26.85 0.265 0.15 0.05
27 0.285 0.15 0.05
27.3 0.34 0.15 0.05
27.6 0.52 0.15 0.05
27.9 0.79 0.15 0.05
28.2 1.2 0.15 0.05
28.35 1.665 0.15 0.05
28.5 2.255 0.15 0.05
28.8 2.76 0.15 0.05
29.1 3.24 0.15 0.05
29.4 3.5 0.15 0.05
29.7 3.45 0.15 0.05
29.85 3.175 0.15 0.05
30.15 2.69 0.15 0.05
30.45 2.15 0.15 0.05
30.75 1.63 0.15 0.05
30.9 1.22 0.15 0.05
31.2 0.91 0.15 0.05
31.5 0.71 0.15 0.05
31.65 0.58 0.15 0.05
31.8 0.51 0.15 0.05
31.8 0.5 0.15 0.05
31.8 0.5 0.15 0.05
31.8 0.495 0.15 0.05
31.8 0.49 0.15 0.05
31.8 0.475 0.15 0.05
31.8 0.47 0.15 0.05
31.8 0.46 0.15 0.05
31.8 0.49 0.15 0.05
31.8 0.495 0.15 0.05
31.8 0.495 0.15 0.05
31.8 0.505 0.15 0.05
31.8 0.49 0.15 0.05
31.8 0.485 0.15 0.05
31.8 0.48 0.15 0.05
31.8 0.485 0.15 0.05
31.8 0.48 0.15 0.05
31.8 0.455 0.15 0.05
31.8 0.455 0.15 0.05
