5.7 -0.025 0.15 0.05
1.8 -0.04 0.15 0.05
1.05 -0.02 0.15 0.05
1.2 -0.02 0.15 0.05
1.35 -0.005 0.15 0.05
1.65 -0.005 0.15 0.05
1.8 -0.01 0.15 0.05
1.95 -0.005 0.15 0.05
2.25 -0.005 0.15 0.05
2.55 0 0.15 0.05
2.7 0 0.15 0.05
3 0.02 0.15 0.05
3.3 0.03 0.15 0.05
3.6 0.055 0.15 0.05
3.9 0.15 0.15 0.05
4.05 0.3 0.15 0.05
4.35 0.58 0.15 0.05
4.65 0.815 0.15 0.05
4.8 0.995 0.15 0.05
4.95 0.95 0.15 0.05
5.25 0.81 0.15 0.05
5.55 0.555 0.15 0.05
5.85 0.385 0.15 0.05
6.15 0.21 0.15 0.05
6.3 0.055 0.15 0.05
6.6 0.03 0.15 0.05
6.9 0.015 0.15 0.05
7.2 0.005 0.15 0.05
7.35 0 0.15 0.05
7.65 0.03 0.15 0.05
7.95 0.1 0.15 0.05
8.25 0.215 0.15 0.05
8.4 0.525 0.15 0.05
8.55 0.945 0.15 0.05
8.85 1.37 0.15 0.05
9.15 1.92 0.15 0.05
9.45 2.38 0.15 0.05
9.75 2.69 0.15 0.05
9.9 2.56 0.15 0.05
10.2 1.95 0.15 0.05
10.5 1.335 0.15 0.05
10.8 0.75 0.15 0.05
10.95 0.4 0.15 0.05
11.25 0.17 0.15 0.05
11.55 0.05 0.15 0.05
11.7 0.03 0.15 0.05
12 0.03 0.15 0.05
12.15 0.025 0.15 0.05
12.45 0.105 0.15 0.05
12.75 0.3 0.15 0.05
13.05 0.55 0.15 0.05
13.35 1.02 0.15 0.05
13.5 1.705 0.15 0.05
13.8 2.505 0.15 0.05
14.1 3.315 0.15 0.05
14.4 4.17 0.15 0.05
14.55 4.665 0.15 0.05
14.85 4.49 0.15 0.05
15 3.76 0.15 0.05
15.3 2.515 0.15 0.05
15.6 1.61 0.15 0.05
15.9 0.9 0.15 0.05
16.05 0.445 0.15 0.05
16.35 0.18 0.15 0.05
16.65 0.15 0.15 0.05
16.95 0.06 0.15 0.05
17.1 0.075 0.15 0.05
17.4 0.2 0.15 0.05
17.7 0.49 0.15 0.05
18 0.945 0.15 0.05
18.3 1.58 0.15 0.05
18.3 2.43 0.15 0.05
18.6 3.45 0.15 0.05
18.9 4.56 0.15 0.05
19.2 5.76 0.15 0.05
19.5 6.63 0.15 0.05
19.65 6.61 0.15 0.05
19.95 5.94 0.15 0.05
20.25 4.805 0.15 0.05
20.55 3.62 0.15 0.05
20.7 2.38 0.15 0.05
21 1.49 0.15 0.05
21.3 0.82 0.15 0.05
21.6 0.46 0.15 0.05
21.75 0.275 0.15 0.05
22.05 0.23 0.15 0.05
22.2 0.4 0.15 0.05
22.5 0.7 0.15 0.05
22.8 1.2 0.15 0.05
23.1 1.94 0.15 0.05
23.25 2.92 0.15 0.05
23.55 4.195 0.15 0.05
23.85 5.595 0.15 0.05
24.15 6.935 0.15 0.05
24.45 7.995 0.15 0.05
24.6 8.53 0.15 0.05
24.75 8.38 0.15 0.05
25.05 7.505 0.15 0.05
25.35 6.24 0.15 0.05
25.65 4.89 0.15 0.05
25.8 3.6 0.15 0.05
26.1 2.59 0.15 0.05
26.4 1.815 0.15 0.05
26.7 1.28 0.15 0.05
27 1 0.15 0.05
27.15 0.945 0.15 0.05
27.45 1.065 0.15 0.05
27.75 1.455 0.15 0.05
28.05 2.16 0.15 0.05
28.2 3.135 0.15 0.05
28.35 4.5 0.15 0.05
28.65 6.025 0.15 0.05
28.95 7.685 0.15 0.05
29.25 9.195 0.15 0.05
29.4 10.245 0.15 0.05
29.7 10.245 0.15 0.05
30 10.245 0.15 0.05
30.3 9.63 0.15 0.05
30.6 8.36 0.15 0.05
30.75 6.95 0.15 0.05
31.05 5.6 0.15 0.05
31.35 4.415 0.15 0.05
31.5 3.595 0.15 0.05
31.65 2.895 0.15 0.05
31.95 2.91 0.15 0.05
31.95 2.9 0.15 0.05
31.95 2.905 0.15 0.05
31.95 2.895 0.15 0.05
31.95 2.935 0.15 0.05
31.95 2.84 0.15 0.05
31.95 2.88 0.15 0.05
31.95 2.83 0.15 0.05
31.95 2.83 0.15 0.05
31.95 2.845 0.15 0.05
31.95 2.87 0.15 0.05
31.95 2.885 0.15 0.05
31.95 2.905 0.15 0.05
31.95 2.905 0.15 0.05
31.95 2.9 0.15 0.05
31.95 2.9 0.15 0.05
