1.8 0.005 0.15 0.05
2.4 0.035 0.15 0.05
1.5 -0.005 0.15 0.05
2.25 0 0.15 0.05
1.5 0.025 0.15 0.05
1.65 0.04 0.15 0.05
1.65 0.03 0.15 0.05
1.8 0.03 0.15 0.05
2.1 0.03 0.15 0.05
2.25 0.03 0.15 0.05
2.55 0.03 0.15 0.05
2.85 0.045 0.15 0.05
3.15 0.06 0.15 0.05
3.3 0.09 0.15 0.05
3.6 0.205 0.15 0.05
3.9 0.305 0.15 0.05
4.2 0.395 0.15 0.05
4.35 0.655 0.15 0.05
4.65 0.825 0.15 0.05
4.8 0.905 0.15 0.05
5.1 0.875 0.15 0.05
5.4 0.65 0.15 0.05
5.7 0.49 0.15 0.05
6 0.29 0.15 0.05
6.15 0.18 0.15 0.05
6.45 0.145 0.15 0.05
6.75 0.115 0.15 0.05
7.05 0.095 0.15 0.05
7.35 0.09 0.15 0.05
7.5 0.13 0.15 0.05
7.65 0.17 0.15 0.05
7.95 0.275 0.15 0.05
8.25 0.49 0.15 0.05
8.55 0.73 0.15 0.05
8.85 1.05 0.15 0.05
9 1.46 0.15 0.05
9.3 1.88 0.15 0.05
9.6 2.23 0.15 0.05
9.9 2.305 0.15 0.05
10.05 1.89 0.15 0.05
10.35 1.35 0.15 0.05
10.65 0.855 0.15 0.05
10.95 0.53 0.15 0.05
11.1 0.27 0.15 0.05
11.4 0.16 0.15 0.05
11.55 0.12 0.15 0.05
11.85 0.105 0.15 0.05
12.15 0.11 0.15 0.05
12.45 0.2 0.15 0.05
12.75 0.39 0.15 0.05
12.9 0.64 0.15 0.05
13.2 1.02 0.15 0.05
13.5 1.405 0.15 0.05
13.8 2.05 0.15 0.05
14.1 2.675 0.15 0.05
14.25 3.355 0.15 0.05
14.55 3.705 0.15 0.05
14.7 3.785 0.15 0.05
15 3.185 0.15 0.05
15.3 2.46 0.15 0.05
15.45 1.565 0.15 0.05
15.75 1.055 0.15 0.05
16.05 0.6 0.15 0.05
16.35 0.38 0.15 0.05
16.5 0.175 0.15 0.05
16.8 0.165 0.15 0.05
17.1 0.18 0.15 0.05
17.4 0.335 0.15 0.05
17.7 0.555 0.15 0.05
17.85 0.94 0.15 0.05
18 1.425 0.15 0.05
18.3 2.08 0.15 0.05
18.6 2.81 0.15 0.05
18.9 3.755 0.15 0.05
19.2 4.635 0.15 0.05
19.35 5.29 0.15 0.05
19.65 5.35 0.15 0.05
19.95 4.965 0.15 0.05
20.25 4.1 0.15 0.05
20.4 3.15 0.15 0.05
20.7 2.2 0.15 0.05
21 1.44 0.15 0.05
21.15 0.94 0.15 0.05
21.45 0.59 0.15 0.05
21.6 0.375 0.15 0.05
21.9 0.425 0.15 0.05
22.2 0.52 0.15 0.05
22.5 0.775 0.15 0.05
22.8 1.13 0.15 0.05
22.95 1.76 0.15 0.05
23.25 2.46 0.15 0.05
23.55 3.435 0.15 0.05
23.85 4.46 0.15 0.05
24.15 5.56 0.15 0.05
24.3 6.515 0.15 0.05
24.45 7.04 0.15 0.05
24.75 6.775 0.15 0.05
25.05 6.305 0.15 0.05
25.35 5.265 0.15 0.05
25.5 4.28 0.15 0.05
25.8 3.185 0.15 0.05
26.1 2.33 0.15 0.05
26.4 1.67 0.15 0.05
26.7 1.21 0.15 0.05
26.85 0.975 0.15 0.05
27.15 0.97 0.15 0.05
27.45 1.075 0.15 0.05
27.75 1.44 0.15 0.05
27.9 1.98 0.15 0.05
28.05 2.64 0.15 0.05
28.35 3.67 0.15 0.05
28.65 4.84 0.15 0.05
28.95 6.16 0.15 0.05
29.1 7.325 0.15 0.05
29.4 8.245 0.15 0.05
29.7 8.63 0.15 0.05
30 8.525 0.15 0.05
30.3 7.945 0.15 0.05
30.45 7.035 0.15 0.05
30.75 5.805 0.15 0.05
31.05 4.755 0.15 0.05
31.2 3.86 0.15 0.05
31.5 2.91 0.15 0.05
31.65 2.495 0.15 0.05
31.95 2.51 0.15 0.05
31.95 2.435 0.15 0.05
31.95 2.445 0.15 0.05
31.95 2.46 0.15 0.05
31.95 2.465 0.15 0.05
31.95 2.465 0.15 0.05
31.95 2.44 0.15 0.05
31.95 2.445 0.15 0.05
31.95 2.445 0.15 0.05
31.95 2.375 0.15 0.05
31.95 2.43 0.15 0.05
31.95 2.435 0.15 0.05
31.95 2.48 0.15 0.05
31.95 2.465 0.15 0.05
31.95 2.475 0.15 0.05
31.95 2.47 0.15 0.05
31.95 2.485 0.15 0.05
31.95 2.48 0.15 0.05
31.95 2.45 0.15 0.05
31.95 2.45 0.15 0.05
31.95 2.45 0.15 0.05
31.95 2.515 0.15 0.05
31.95 2.47 0.15 0.05
31.95 2.48 0.15 0.05
31.95 2.49 0.15 0.05
31.95 2.485 0.15 0.05
31.95 2.48 0.15 0.05
