1.2 -0.05 0.15 0.05
0.45 -0.04 0.15 0.05
0.6 -0.045 0.15 0.05
0.3 -0.035 0.15 0.05
0.15 -0.04 0.15 0.05
0.15 0.005 0.15 0.05
0 -0.01 0.15 0.05
0.6 -0.02 0.15 0.05
0.9 -0.02 0.15 0.05
0 -0.04 0.15 0.05
0.45 -0.06 0.15 0.05
0 -0.04 0.15 0.05
0 -0.005 0.15 0.05
0 -0.03 0.15 0.05
0 -0.015 0.15 0.05
0 -0.03 0.15 0.05
0 -0.01 0.15 0.05
0.6 0.185 0.15 0.05
0.3 -0.04 0.15 0.05
0.15 -0.015 0.15 0.05
0.45 0.01 0.15 0.05
0.6 -0.04 0.15 0.05
0 -0.025 0.15 0.05
0 -0.04 0.15 0.05
0 0.05 0.15 0.05
0 -0.035 0.15 0.05
0 -0.02 0.15 0.05
0 -0.02 0.15 0.05
0 -0.02 0.15 0.05
0 -0.025 0.15 0.05
3.6 -0.05 0.15 0.05
0 1.695 0.15 0.05
2.1 -0.02 0.15 0.05
0.6 -0.025 0.15 0.05
0.9 -0.02 0.15 0.05
1.05 -0.02 0.15 0.05
1.35 -0.02 0.15 0.05
1.65 -0.015 0.15 0.05
1.95 -0.01 0.15 0.05
2.25 -0.01 0.15 0.05
2.4 -0.005 0.15 0.05
2.7 -0.005 0.15 0.05
3 -0.01 0.15 0.05
3.3 -0.005 0.15 0.05
3.6 0.01 0.15 0.05
3.75 0.03 0.15 0.05
3.9 0.105 0.15 0.05
4.2 0.215 0.15 0.05
4.5 0.38 0.15 0.05
4.8 0.59 0.15 0.05
5.1 0.58 0.15 0.05
5.25 0.51 0.15 0.05
5.55 0.32 0.15 0.05
5.85 0.225 0.15 0.05
6.15 0.055 0.15 0.05
6.3 0.045 0.15 0.05
6.6 0.01 0.15 0.05
6.9 0.02 0.15 0.05
7.05 -0.005 0.15 0.05
7.35 -0.005 0.15 0.05
7.65 0 0.15 0.05
7.8 0.055 0.15 0.05
8.1 0.175 0.15 0.05
8.4 0.35 0.15 0.05
8.7 0.53 0.15 0.05
9 0.845 0.15 0.05
9.15 1.23 0.15 0.05
9.45 1.535 0.15 0.05
9.75 1.815 0.15 0.05
10.05 1.595 0.15 0.05
10.35 1.215 0.15 0.05
10.35 0.81 0.15 0.05
10.65 0.43 0.15 0.05
10.95 0.23 0.15 0.05
11.25 0.12 0.15 0.05
11.55 0.09 0.15 0.05
11.7 0.055 0.15 0.05
12 0.045 0.15 0.05
12.3 0.035 0.15 0.05
12.6 0.1 0.15 0.05
12.9 0.22 0.15 0.05
13.05 0.44 0.15 0.05
13.35 0.76 0.15 0.05
13.65 1.19 0.15 0.05
13.95 1.74 0.15 0.05
14.1 2.38 0.15 0.05
14.25 2.93 0.15 0.05
14.55 3.195 0.15 0.05
14.85 2.985 0.15 0.05
15.15 2.35 0.15 0.05
15.45 1.67 0.15 0.05
15.6 1.065 0.15 0.05
15.9 0.62 0.15 0.05
16.2 0.34 0.15 0.05
16.5 0.245 0.15 0.05
16.65 0.165 0.15 0.05
16.95 0.12 0.15 0.05
17.25 0.11 0.15 0.05
17.4 0.235 0.15 0.05
17.7 0.445 0.15 0.05
18 0.795 0.15 0.05
18.15 1.215 0.15 0.05
18.45 1.79 0.15 0.05
18.75 2.59 0.15 0.05
19.05 3.415 0.15 0.05
19.2 4.1 0.15 0.05
19.5 4.555 0.15 0.05
19.8 4.5 0.15 0.05
20.1 4.035 0.15 0.05
20.4 3.205 0.15 0.05
20.55 2.305 0.15 0.05
20.7 1.605 0.15 0.05
21 1.04 0.15 0.05
21.3 0.68 0.15 0.05
21.6 0.45 0.15 0.05
21.75 0.33 0.15 0.05
22.05 0.355 0.15 0.05
22.35 0.445 0.15 0.05
22.65 0.655 0.15 0.05
22.95 0.99 0.15 0.05
23.1 1.515 0.15 0.05
23.4 2.21 0.15 0.05
23.7 3.075 0.15 0.05
23.85 4.075 0.15 0.05
24.15 5.05 0.15 0.05
24.3 5.8 0.15 0.05
24.6 6.095 0.15 0.05
24.9 5.885 0.15 0.05
25.2 5.26 0.15 0.05
25.35 4.315 0.15 0.05
25.65 3.415 0.15 0.05
25.95 2.55 0.15 0.05
26.25 1.82 0.15 0.05
26.55 1.37 0.15 0.05
26.7 1.04 0.15 0.05
27 0.83 0.15 0.05
27.15 0.86 0.15 0.05
27.45 0.92 0.15 0.05
27.75 1.235 0.15 0.05
27.9 1.735 0.15 0.05
28.2 2.435 0.15 0.05
28.5 3.385 0.15 0.05
28.8 4.47 0.15 0.05
29.1 5.57 0.15 0.05
29.25 6.59 0.15 0.05
29.55 7.31 0.15 0.05
29.85 7.585 0.15 0.05
30.15 7.39 0.15 0.05
30.3 6.765 0.15 0.05
30.45 5.895 0.15 0.05
30.75 4.82 0.15 0.05
